82 96
-96 49
-20 3
71 81
45 -49
-48 40
-15 -11
-37 7
-31 51
-42 -52
93 82
-58 -98
-60 -68
21 74
-31 -3
86 48
74 -20
84 -45
-31 -70
-93 -61
23 -15
-68 -34
83 17
66 31
-6 59
-27 -27
-3 17
-65 68
-18 -87
-67 53
-25 -13
24 -58
15 98
-34 44
56 76
60 -94
24 -42
-15 44
-32 18
27 59
41 -44
-70 -45
-57 76
-86 -38
29 -42
13 -20
-63 -42
-99 -99
1 20
21 -78
31 -50
-67 -61
50 59
-43 -6
-7 -5
-91 -51
-7 -20
0 -67
-12 65
93 78
-72 -14
-40 -63
97 9
-29 52
-37 22
94 -7
15 -5
66 7
-59 -47
76 -75
-93 -93
-88 -72
-41 96
-47 70
-35 41
-66 -26
66 5
11 -24
78 5
-6 56
-58 100
95 -71
47 9
-59 16
98 -23
-8 -32
47 3
7 -90
23 90
64 29
-99 -84
10 96
-97 75
-12 -79
27 -72
39 -52
-89 71
-29 -81
55 4
23 58
78 79
-83 -69
-33 73
100 -36
69 25
44 -80
-11 38
73 -57
72 60
-46 93
71 -9
13 -37
68 83
-12 -22
61 80
30 63
75 38
89 -47
95 -27
-41 -22
27 95
75 0
