-12.0 7.0
-19.0 
-34.0 -13.0
-59.0 
-45.0 81.0
-244.0 
-40.0 82.0
-610.0 
-99.0 82.0
-1401.0 
78.0 84.0
-2808.0 
50.0 42.0
-5608.0 
-88.0 83.0
-11387.0 
-86.0 25.0
-22885.0 
11.0 99.0
-45858.0 
37.0 51.0
-91730.0 
-26.0 -83.0
-183403.0 
0.0 -65.0
-366741.0 
-36.0 33.0
-733551.0 
91.0 -51.0
-1466960.0 
57.0 17.0
-2933880.0 
62.0 19.0
-5867717.0 
70.0 62.0
-11735426.0 
-33.0 -53.0
-23470832.0 
-66.0 -77.0
-46941653.0 
59.0 19.0
-93883266.0 
71.0 31.0
-187766492.0 
99.0 53.0
-375532938.0 
91.0 73.0
-751065858.0 
-23.0 -8.0
-1502131731.0 
-9.0 -1.0
-3004263470.0 
-13.0 -37.0
-6008526916.0 
-6.0 -47.0
-12017053791.0 
-40.0 47.0
-24034107669.0 
78.0 22.0
-48068215282.0 
31.0 26.0
-96136430559.0 
-47.0 47.0
-192272861212.0 
92.0 16.0
-384545722348.0 
-53.0 45.0
-769091444794.0 
26.0 -16.0
-1538182889546.0 
-1.0 -31.0
-3076365779062.0 
-1.0 18.0
-6152731558143.0 
42.0 99.0
-12305463116343.0 
82.0 9.0
-24610926232613.0 
-4.0 19.0
-49221852465249.0 
56.0 -12.0
-98443704930430.0 
5.0 4.0
-196887409860859.0 
-55.0 15.0
-393774819721788.0 
73.0 -52.0
-787549639443451.0 
47.0 66.0
-1575099278886921.0 
84.0 53.0
-3150198557773811.0 
-85.0 57.0
-6300397115547764.0 
-84.0 6.0
-1.2600794231095618e+16 
-93.0 -48.0
-2.520158846219128e+16 
72.0 -96.0
-5.040317692438239e+16 
14.0 30.0
-1.008063538487648e+17 
-87.0 -49.0
-2.0161270769752963e+17 
-94.0 -29.0
-4.0322541539505926e+17 
-84.0 -71.0
-8.064508307901185e+17 
-13.0 92.0
-1.612901661580237e+18 
5.0 58.0
-3.2258033231604746e+18 
17.0 -1.0
-6.451606646320949e+18 
80.0 23.0
-1.2903213292641898e+19 
25.0 7.0
-2.58064265852838e+19 
-58.0 5.0
-5.161285317056759e+19 
-70.0 11.0
-1.032257063411352e+20 
32.0 26.0
-2.064514126822704e+20 
99.0 5.0
-4.129028253645408e+20 
95.0 -43.0
-8.258056507290815e+20 
46.0 -82.0
-1.6516113014581635e+21 
-94.0 -76.0
-3.303222602916327e+21 
-34.0 -47.0
-6.606445205832653e+21 
-41.0 -97.0
-1.3212890411665308e+22 
4.0 -58.0
-2.642578082333061e+22 
-45.0 -61.0
-5.285156164666122e+22 
-61.0 69.0
-1.0570312329332243e+23 
-78.0 38.0
-2.1140624658664486e+23 
-31.0 -87.0
-4.228124931732898e+23 
85.0 24.0
-8.456249863465796e+23 
-31.0 -32.0
-1.6912499726931592e+24 
-39.0 65.0
-3.382499945386318e+24 
16.0 22.0
-6.764999890772636e+24 
-45.0 4.0
-1.3529999781545271e+25 
65.0 55.0
-2.7059999563090547e+25 
-13.0 34.0
-5.4119999126181085e+25 
-97.0 55.0
-1.0823999825236215e+26 
-26.0 -80.0
-2.164799965047243e+26 
-71.0 27.0
-4.329599930094486e+26 
-69.0 -38.0
-8.659199860188971e+26 
-63.0 34.0
-1.7318399720377942e+27 
58.0 8.0
-3.4636799440755884e+27 
0.0 12.0
-6.927359888151177e+27 
-80.0 -97.0
-1.3854719776302351e+28 
91.0 58.0
-2.7709439552604703e+28 
60.0 76.0
-5.5418879105209405e+28 
43.0 -43.0
-1.1083775821041885e+29 
-93.0 -62.0
-2.216755164208377e+29 
-100.0 -18.0
-4.433510328416752e+29 
87.0 -70.0
-8.867020656833505e+29 
-63.0 57.0
-1.7734041313667012e+30 
65.0 59.0
-3.5468082627334025e+30 
34.0 94.0
-7.093616525466804e+30 
10.0 25.0
-1.4187233050933608e+31 
-13.0 -68.0
-2.837446610186722e+31 
41.0 -57.0
-5.674893220373444e+31 
69.0 -21.0
-1.1349786440746886e+32 
-12.0 82.0
-2.269957288149377e+32 
10.0 25.0
-4.539914576298754e+32 
94.0 -91.0
-9.079829152597507e+32 
-41.0 -93.0
-1.815965830519501e+33 
93.0 -19.0
-3.631931661039004e+33 
23.0 -68.0
-7.263863322078007e+33 
78.0 56.0
-1.4527726644156012e+34 
-42.0 -99.0
-2.9055453288312024e+34 
26.0 -5.0
-5.811090657662405e+34 
-40.0 12.0
-1.162218131532481e+35 
31.0 -59.0
-2.324436263064962e+35 
-25.0 -53.0
-4.648872526129924e+35 
-48.0 -1.0
-9.297745052259848e+35 
-84.0 -45.0
-1.859549010451969e+36 
-46.0 -98.0
-3.719098020903939e+36 
-78.0 49.0
-7.438196041807878e+36 
81.0 -38.0
-1.4876392083615756e+37 
-96.0 -22.0
-2.975278416723152e+37 
84.0 77.0
-5.950556833446303e+37 
-70.0 55.0
-1.1901113666892603e+38 
-69.0 36.0
-2.3802227333785206e+38 
-54.0 65.0
-4.7604454667570405e+38 
80.0 -46.0
-9.520890933514083e+38 
86.0 76.0
-1.904178186702816e+39 
93.0 -58.0
-3.808356373405633e+39 
55.0 73.0
-7.616712746811266e+39 
64.0 -51.0
-1.5233425493622534e+40 
2.0 -13.0
-3.0466850987245074e+40 
96.0 -46.0
-6.0933701974490215e+40 
28.0 79.0
-1.2186740394898033e+41 
-70.0 4.0
-2.437348078979607e+41 
31.0 -53.0
-4.874696157959213e+41 
-24.0 63.0
-9.749392315918428e+41 
72.0 -76.0
-1.9498784631836856e+42 
2.0 -48.0
-3.899756926367371e+42 
-87.0 -38.0
-7.799513852734743e+42 
83.0 -94.0
-1.5599027705469485e+43 
-86.0 -97.0
-3.119805541093897e+43 
-90.0 -35.0
-6.239611082187794e+43 
-6.0 25.0
-1.2479222164375588e+44 
0.0 18.0
-2.495844432875117e+44 
-71.0 1.0
-4.9916888657502345e+44 
-15.0 -4.0
-9.983377731500467e+44 
-95.0 -20.0
-1.996675546300093e+45 
-92.0 34.0
-3.993351092600187e+45 
-47.0 -66.0
-7.986702185200374e+45 
-83.0 22.0
-1.5973404370400748e+46 
-68.0 -37.0
-3.194680874080149e+46 
-56.0 91.0
-6.389361748160298e+46 
5.0 -88.0
-1.2778723496320596e+47 
30.0 28.0
-2.5557446992641192e+47 
-94.0 -83.0
-5.111489398528239e+47 
75.0 8.0
-1.0222978797056477e+48 
71.0 8.0
-2.044595759411296e+48 
-32.0 -28.0
-4.089191518822591e+48 
58.0 -79.0
-8.178383037645183e+48 
-99.0 -56.0
-1.6356766075290366e+49 
42.0 43.0
-3.2713532150580737e+49 
-32.0 63.0
-6.542706430116143e+49 
-71.0 14.0
-1.308541286023229e+50 
64.0 -88.0
-2.617082572046458e+50 
4.0 26.0
-5.234165144092916e+50 
5.0 -48.0
-1.046833028818583e+51 
36.0 49.0
-2.093666057637166e+51 
-84.0 72.0
-4.187332115274332e+51 
-57.0 5.0
-8.374664230548666e+51 
12.0 -65.0
-1.6749328461097332e+52 
-41.0 93.0
-3.349865692219466e+52 
-11.0 -32.0
-6.699731384438932e+52 
-66.0 -77.0
-1.3399462768877863e+53 
-25.0 55.0
-2.6798925537755727e+53 
31.0 -1.0
-5.3597851075511445e+53 
-83.0 43.0
-1.0719570215102287e+54 
-3.0 60.0
-2.1439140430204568e+54 
75.0 21.0
-4.2878280860409156e+54 
-21.0 -8.0
-8.57565617208183e+54 
49.0 41.0
-1.715131234416366e+55 
10.0 -26.0
-3.430262468832732e+55 
72.0 13.0
-6.860524937665464e+55 
-62.0 3.0
-1.3721049875330928e+56 
37.0 47.0
-2.744209975066185e+56 
-83.0 -62.0
-5.488419950132371e+56 
7.0 36.0
-1.0976839900264742e+57 
1.0 -48.0
-2.1953679800529484e+57 
35.0 37.0
-4.390735960105897e+57 
49.0 49.0
-8.781471920211794e+57 
-29.0 -79.0
-1.7562943840423587e+58 
33.0 98.0
-3.5125887680847175e+58 
-6.0 96.0
-7.025177536169435e+58 
29.0 63.0
-1.4050355072338872e+59 
33.0 -33.0
-2.8100710144677744e+59 
-3.0 -97.0
-5.62014202893555e+59 
-71.0 81.0
-1.12402840578711e+60 
-53.0 13.0
-2.24805681157422e+60 
28.0 63.0
-4.49611362314844e+60 
33.0 66.0
-8.992227246296881e+60 
-20.0 75.0
-1.7984454492593762e+61 
55.0 7.0
-3.596890898518752e+61 
38.0 68.0
-7.193781797037504e+61 
98.0 -53.0
-1.438756359407501e+62 
-42.0 -1.0
-2.877512718815002e+62 
0.0 -37.0
-5.755025437630003e+62 
-57.0 68.0
-1.1510050875260006e+63 
-18.0 39.0
-2.302010175052001e+63 
44.0 -18.0
-4.604020350104003e+63 
-73.0 15.0
-9.208040700208005e+63 
46.0 -56.0
-1.841608140041601e+64 
27.0 -89.0
-3.6832162800832025e+64 
88.0 -96.0
-7.366432560166405e+64 
-13.0 -51.0
-1.4732865120332808e+65 
-4.0 -52.0
-2.946573024066561e+65 
40.0 3.0
-5.893146048133123e+65 
 
-36.0 21.0
-1.1786292096266246e+66 
89.0 -100.0
-2.357258419253249e+66 
-90.0 36.0
-4.714516838506498e+66 
16.0 -46.0
-9.429033677012995e+66 
-95.0 23.0
-1.8858067354026003e+67 
-75.0 -78.0
-3.771613470805199e+67 
-82.0 -37.0
-7.543226941610397e+67 
6.0 4.0
-1.5086453883220795e+68 
-38.0 68.0
-3.017290776644159e+68 
83.0 -94.0
-6.034581553288318e+68 
-90.0 -61.0
-1.2069163106576634e+69 
60.0 -73.0
-2.4138326213153268e+69 
-55.0 29.0
-4.8276652426306536e+69 
37.0 -9.0
-9.655330485261309e+69 
-98.0 -73.0
-1.9310660970522618e+70 
-29.0 62.0
-3.862132194104524e+70 
-82.0 22.0
-7.724264388209047e+70 
37.0 -86.0
-1.5448528776418094e+71 
25.0 16.0
-3.0897057552836203e+71 
2.0 -51.0
-6.1794115105672425e+71 
39.0 80.0
-1.2358823021134477e+72 
80.0 -43.0
-2.4717646042268962e+72 
48.0 -70.0
-4.9435292084537924e+72 
-15.0 -49.0
-9.887058416907585e+72 
37.0 -53.0
-1.977411683381517e+73 
5.0 -96.0
-3.954823366763034e+73 
10.0 4.0
-7.909646733526069e+73 
-99.0 10.0
-1.5819293467052138e+74 
-86.0 60.0
-3.1638586934104277e+74 
-67.0 -87.0
-6.327717386820854e+74 
-77.0 -33.0
-1.2655434773641709e+75 
-10.0 92.0
-2.5310869547283417e+75 
45.0 -79.0
-5.0621739094566835e+75 
-64.0 -1.0
-1.0124347818913367e+76 
-54.0 -94.0
-2.0248695637826727e+76 
73.0 0.0
-4.049739127565347e+76 
38.0 -74.0
-8.099478255130691e+76 
-62.0 -48.0
-1.6198956510261382e+77 
-33.0 71.0
-3.2397913020522764e+77 
6.0 -54.0
-6.479582604104553e+77 
-15.0 -26.0
-1.2959165208209106e+78 
-24.0 10.0
-2.591833041641821e+78 
40.0 45.0
-5.183666083283642e+78 
86.0 -3.0
-1.0367332166567284e+79 
11.0 19.0
-2.073466433313457e+79 
-29.0 66.0
-4.146932866626914e+79 
72.0 25.0
-8.293865733253828e+79 
-88.0 20.0
-1.6587731466507655e+80 
47.0 58.0
-3.317546293301531e+80 
18.0 29.0
-6.635092586603061e+80 
-94.0 -46.0
-1.3270185173206122e+81 
4.0 -44.0
-2.654037034641224e+81 
8.0 -51.0
-5.308074069282448e+81 
95.0 48.0
-1.0616148138564894e+82 
25.0 4.0
-2.1232296277129792e+82 
-87.0 -16.0
-4.2464592554259584e+82 
40.0 66.0
-8.492918510851917e+82 
77.0 -23.0
-1.6985837021703828e+83 
89.0 22.0
-3.3971674043407656e+83 
-74.0 -74.0
-6.794334808681531e+83 
35.0 13.0
-1.3588669617363062e+84 
-56.0 -88.0
-2.717733923472612e+84 
-41.0 6.0
-5.435467846945225e+84 
57.0 38.0
-1.087093569389045e+85 
88.0 24.0
-2.17418713877809e+85 
-75.0 -32.0
-4.348374277556179e+85 
71.0 95.0
-8.69674855511236e+85 
46.0 -9.0
-1.739349711022472e+86 
78.0 -18.0
-3.478699422044944e+86 
-53.0 58.0
-6.957398844089887e+86 
-28.0 40.0
-1.3914797688179776e+87 
64.0 42.0
-2.7829595376359547e+87 
71.0 -64.0
-5.5659190752719095e+87 
12.0 -48.0
-1.1131838150543819e+88 
16.0 82.0
-2.2263676301087638e+88 
-84.0 35.0
-4.452735260217527e+88 
38.0 75.0
-8.905470520435054e+88 
49.0 -17.0
-1.7810941040870105e+89 
24.0 100.0
-3.562188208174021e+89 
-39.0 35.0
-7.124376416348043e+89 
-100.0 -69.0
-1.4248752832696086e+90 
82.0 -74.0
-2.8497505665392168e+90 
-72.0 34.0
-5.6995011330784335e+90 
-59.0 -21.0
-1.1399002266156867e+91 
42.0 -47.0
-2.279800453231373e+91 
19.0 95.0
-4.5596009064627475e+91 
-13.0 79.0
-9.119201812925496e+91 
11.0 19.0
-1.823840362585099e+92 
-2.0 62.0
-3.647680725170198e+92 
29.0 27.0
-7.295361450340395e+92 
-13.0 91.0
-1.4590722900680792e+93 
-9.0 -5.0
-2.9181445801361584e+93 
-51.0 -45.0
-5.836289160272317e+93 
12.0 -41.0
-1.1672578320544632e+94 
91.0 77.0
-2.3345156641089264e+94 
44.0 -42.0
-4.669031328217853e+94 
78.0 91.0
-9.338062656435708e+94 
-96.0 66.0
-1.867612531287141e+95 
89.0 -79.0
-3.735225062574282e+95 
77.0 34.0
-7.470450125148564e+95 
-83.0 21.0
-1.4940900250297129e+96 
-65.0 43.0
-2.9881800500594257e+96 
66.0 -11.0
-5.976360100118852e+96 
-1.0 -79.0
-1.1952720200237703e+97 
-8.0 47.0
-2.390544040047541e+97 
-63.0 17.0
-4.781088080095081e+97 
-69.0 8.0
-9.562176160190162e+97 
-17.0 -42.0
-1.9124352320380325e+98 
-26.0 -73.0
-3.8248704640760656e+98 
88.0 97.0
-7.64974092815213e+98 
47.0 13.0
-1.5299481856304262e+99 
27.0 72.0
-3.0598963712608524e+99 
20.0 38.0
-6.11979274252171e+99 
-81.0 -38.0
-1.223958548504342e+100 
11.0 -37.0
-2.447917097008683e+100 
3.0 70.0
-4.895834194017366e+100 
-71.0 91.0
-9.791668388034734e+100 
49.0 27.0
-1.9583336776069468e+101 
-41.0 27.0
-3.916667355213893e+101 
94.0 -31.0
-7.833334710427786e+101 
-58.0 -13.0
-1.5666669420855572e+102 
-20.0 29.0
-3.1333338841711144e+102 
-17.0 -76.0
-6.266667768342229e+102 
-85.0 -93.0
-1.2533335536684458e+103 
-20.0 15.0
-2.5066671073368915e+103 
28.0 56.0
-5.013334214673783e+103 
15.0 79.0
-1.0026668429347566e+104 
-48.0 33.0
-2.0053336858695126e+104 
4.0 17.0
-4.010667371739025e+104 
37.0 -70.0
-8.021334743478052e+104 
24.0 21.0
-1.60426694869561e+105 
10.0 71.0
-3.20853389739122e+105 
5.0 -29.0
-6.41706779478244e+105 
100.0 -59.0
-1.283413558956488e+106 
-53.0 -42.0
-2.566827117912976e+106 
74.0 -43.0
-5.133654235825952e+106 
-82.0 94.0
-1.0267308471651904e+107 
-58.0 -87.0
-2.053461694330381e+107 
99.0 92.0
-4.1069233886607624e+107 
67.0 -12.0
-8.213846777321525e+107 
54.0 -71.0
-1.642769355464305e+108 
-87.0 -13.0
-3.28553871092861e+108 
39.0 -47.0
-6.571077421857219e+108 
-88.0 -75.0
-1.3142154843714438e+109 
-76.0 -36.0
-2.6284309687428875e+109 
22.0 -41.0
-5.256861937485775e+109 
-42.0 10.0
-1.0513723874971548e+110 
-6.0 -88.0
-2.1027447749943097e+110 
-40.0 -9.0
-4.20548954998862e+110 
-69.0 65.0
-8.41097909997724e+110 
17.0 63.0
-1.6821958199954477e+111 
-69.0 81.0
-3.3643916399908955e+111 
26.0 -24.0
-6.728783279981792e+111 
91.0 9.0
-1.3457566559963584e+112 
-50.0 35.0
-2.6915133119927164e+112 
-39.0 -70.0
-5.3830266239854345e+112 
34.0 -49.0
-1.0766053247970869e+113 
78.0 -51.0
-2.1532106495941738e+113 
77.0 -64.0
-4.306421299188347e+113 
67.0 59.0
-8.612842598376694e+113 
91.0 0.0
-1.7225685196753388e+114 
-52.0 60.0
-3.445137039350677e+114 
7.0 35.0
-6.890274078701354e+114 
 
-58.0 -48.0
-1.3780548157402708e+115 
41.0 89.0
-2.756109631480542e+115 
61.0 -1.0
-5.512219262961084e+115 
-55.0 3.0
-1.1024438525922166e+116 
39.0 45.0
-2.2048877051844333e+116 
-98.0 -26.0
-4.4097754103688665e+116 
40.0 -13.0
-8.819550820737733e+116 
-24.0 24.0
-1.7639101641475463e+117 
72.0 18.0
-3.5278203282950927e+117 
99.0 -21.0
-7.055640656590185e+117 
24.0 -11.0
-1.411128131318037e+118 
45.0 -18.0
-2.822256262636074e+118 
84.0 -49.0
-5.644512525272149e+118 
32.0 -56.0
-1.1289025050544297e+119 
-25.0 -83.0
-2.25780501010886e+119 
-95.0 3.0
-4.515610020217719e+119 
28.0 9.0
-9.03122004043544e+119 
-12.0 46.0
-1.806244008087088e+120 
-23.0 -96.0
-3.612488016174176e+120 
-58.0 -2.0
-7.224976032348351e+120 
24.0 -95.0
-1.4449952064696702e+121 
-6.0 1.0
-2.88999041293934e+121 
-93.0 -50.0
-5.77998082587868e+121 
-51.0 -88.0
-1.155996165175736e+122 
-37.0 -3.0
-2.311992330351472e+122 
-11.0 -77.0
-4.623984660702944e+122 
-2.0 -10.0
-9.247969321405888e+122 
25.0 31.0
-1.8495938642811773e+123 
-77.0 85.0
-3.6991877285623545e+123 
-64.0 -13.0
-7.398375457124708e+123 
-40.0 -3.0
-1.4796750914249416e+124 
74.0 7.0
-2.959350182849883e+124 
25.0 23.0
-5.918700365699767e+124 
53.0 -14.0
-1.1837400731399533e+125 
60.0 44.0
-2.3674801462799065e+125 
-30.0 -34.0
-4.734960292559814e+125 
-16.0 -56.0
-9.469920585119628e+125 
1.0 -21.0
-1.893984117023925e+126 
-59.0 -7.0
-3.78796823404785e+126 
89.0 79.0
-7.575936468095701e+126 
-16.0 -66.0
-1.5151872936191404e+127 
80.0 -56.0
-3.0303745872382803e+127 
80.0 14.0
-6.060749174476561e+127 
50.0 -15.0
-1.212149834895312e+128 
82.0 -30.0
-2.4242996697906243e+128 
-25.0 70.0
-4.8485993395812485e+128 
-4.0 -69.0
-9.697198679162496e+128 
23.0 -21.0
-1.9394397358325e+129 
10.0 -31.0
-3.878879471664999e+129 
16.0 37.0
-7.757758943329998e+129 
-14.0 -3.0
-1.5515517886659995e+130 
86.0 22.0
-3.103103577331999e+130 
24.0 38.0
-6.206207154663998e+130 
2.0 -28.0
-1.2412414309327996e+131 
 
64.0 74.0
-2.4824828618656e+131 
-50.0 -86.0
-4.964965723731199e+131 
-8.0 28.0
-9.9299314474624e+131 
44.0 62.0
-1.98598628949248e+132 
10.0 73.0
-3.97197257898496e+132 
63.0 -79.0
-7.94394515796992e+132 
72.0 -30.0
-1.588789031593984e+133 
-36.0 84.0
-3.177578063187968e+133 
-36.0 -54.0
-6.355156126375936e+133 
-35.0 53.0
-1.2710312252751872e+134 
-26.0 36.0
-2.5420624505503744e+134 
-35.0 69.0
-5.084124901100749e+134 
-34.0 -13.0
-1.0168249802201498e+135 
-7.0 -1.0
-2.0336499604403e+135 
-53.0 -9.0
-4.067299920880599e+135 
94.0 -52.0
-8.134599841761198e+135 
-97.0 -40.0
-1.6269199683522396e+136 
39.0 -96.0
-3.2538399367044793e+136 
-63.0 -56.0
-6.50767987340896e+136 
-47.0 -76.0
-1.3015359746817917e+137 
14.0 -49.0
-2.603071949363584e+137 
72.0 15.0
-5.206143898727168e+137 
78.0 -32.0
-1.0412287797454335e+138 
-39.0 -98.0
-2.082457559490867e+138 
-7.0 8.0
-4.164915118981734e+138 
-33.0 41.0
-8.329830237963468e+138 
-82.0 -4.0
-1.6659660475926937e+139 
-71.0 38.0
-3.3319320951853873e+139 
38.0 -80.0
-6.663864190370775e+139 
-57.0 -59.0
-1.332772838074155e+140 
-81.0 -66.0
-2.66554567614831e+140 
-96.0 -45.0
-5.33109135229662e+140 
88.0 -74.0
-1.0662182704593238e+141 
62.0 93.0
-2.1324365409186475e+141 
-27.0 15.0
-4.2648730818372944e+141 
-12.0 50.0
-8.52974616367459e+141 
71.0 -43.0
-1.705949232734918e+142 
-88.0 -75.0
-3.411898465469836e+142 
-91.0 -18.0
-6.823796930939672e+142 
-32.0 73.0
-1.3647593861879344e+143 
-51.0 56.0
-2.7295187723758693e+143 
99.0 1.0
-5.459037544751739e+143 
42.0 37.0
-1.0918075089503477e+144 
83.0 -71.0
-2.183615017900696e+144 
-22.0 -46.0
-4.367230035801392e+144 
-25.0 21.0
-8.734460071602783e+144 
-56.0 47.0
-1.7468920143205566e+145 
-67.0 62.0
-3.493784028641113e+145 
50.0 -10.0
-6.987568057282226e+145 
-46.0 -78.0
-1.3975136114564453e+146 
-73.0 -49.0
-2.7950272229128906e+146 
10.0 -74.0
-5.59005444582578e+146 
55.0 -75.0
-1.118010889165156e+147 
36.0 91.0
-2.236021778330312e+147 
-54.0 -41.0
-4.472043556660624e+147 
43.0 -18.0
-8.94408711332125e+147 
65.0 57.0
-1.78881742266425e+148 
-47.0 31.0
-3.5776348453285e+148 
27.0 61.0
-7.155269690656999e+148 
-21.0 74.0
-1.4310539381314e+149 
96.0 -52.0
-2.8621078762628e+149 
56.0 -57.0
-5.7242157525256e+149 
10.0 29.0
-1.1448431505051187e+150 
36.0 64.0
-2.28968630101024e+150 
25.0 -99.0
-4.5793726020204785e+150 
-12.0 17.0
-9.158745204040956e+150 
-61.0 -100.0
-1.831749040808191e+151 
10.0 -50.0
-3.663498081616384e+151 
-47.0 -7.0
-7.326996163232768e+151 
-74.0 39.0
-1.4653992326465536e+152 
-12.0 -26.0
-2.930798465293107e+152 
60.0 -92.0
-5.861596930586214e+152 
-88.0 43.0
-1.1723193861172429e+153 
-48.0 82.0
-2.3446387722344857e+153 
51.0 63.0
-4.689277544468972e+153 
44.0 -69.0
-9.378555088937944e+153 
-78.0 -8.0
-1.875711017787589e+154 
62.0 86.0
-3.7514220355751784e+154 
23.0 -12.0
-7.502844071150357e+154 
-34.0 -27.0
-1.5005688142300713e+155 
-96.0 -5.0
-3.0011376284601427e+155 
-60.0 -97.0
-6.002275256920285e+155 
68.0 64.0
-1.2004550513840569e+156 
-57.0 -90.0
-2.400910102768114e+156 
-72.0 -4.0
-4.801820205536228e+156 
62.0 -15.0
-9.603640411072457e+156 
14.0 -93.0
-1.920728082214492e+157 
21.0 -15.0
-3.841456164428983e+157 
100.0 8.0
-7.682912328857969e+157 
25.0 55.0
-1.5365824657715933e+158 
-11.0 -34.0
-3.0731649315431866e+158 
19.0 29.0
-6.146329863086372e+158 
91.0 -41.0
-1.2292659726172746e+159 
-79.0 36.0
-2.4585319452345493e+159 
81.0 -28.0
-4.9170638904690986e+159 
14.0 12.0
-9.834127780938196e+159 
-82.0 -57.0
-1.96682555618764e+160 
25.0 -22.0
-3.933651112375279e+160 
45.0 18.0
-7.867302224750558e+160 
36.0 63.0
-1.5734604449501113e+161 
-38.0 29.0
-3.1469208899002226e+161 
97.0 -83.0
-6.29384177980044e+161 
-62.0 -48.0
-1.258768355960089e+162 
-2.0 -28.0
-2.517536711920177e+162 
-78.0 35.0
-5.035073423840354e+162 
-85.0 85.0
-1.0070146847680707e+163 
29.0 -22.0
-2.014029369536141e+163 
-75.0 -88.0
-4.028058739072282e+163 
-22.0 56.0
-8.056117478144566e+163 
-49.0 -90.0
-1.6112234956289132e+164 
-58.0 -53.0
-3.2224469912578264e+164 
-42.0 -31.0
-6.444893982515654e+164 
-37.0 -51.0
-1.2889787965031308e+165 
1.0 -70.0
-2.577957593006261e+165 
66.0 60.0
-5.155915186012522e+165 
33.0 52.0
-1.0311830372025044e+166 
36.0 20.0
-2.062366074405009e+166 
89.0 20.0
-4.124732148810018e+166 
27.0 -56.0
-8.249464297620036e+166 
4.0 8.0
-1.6498928595240069e+167 
67.0 
-4.0 72.0
-3.299785719048014e+167 
92.0 38.0
-6.599571438096028e+167 
94.0 38.0
-1.3199142876192057e+168 
-93.0 -28.0
-2.639828575238411e+168 
94.0 83.0
-5.279657150476823e+168 
7.0 95.0
-1.0559314300953646e+169 
-43.0 -66.0
-2.111862860190729e+169 
-5.0 -50.0
-4.2237257203814575e+169 
-32.0 25.0
-8.447451440762916e+169 
80.0 -40.0
-1.6894902881525833e+170 
94.0 45.0
-3.3789805763051666e+170 
-26.0 63.0
-6.757961152610332e+170 
-12.0 -44.0
-1.3515922305220666e+171 
16.0 91.0
-2.7031844610441333e+171 
74.0 -30.0
-5.4063689220882665e+171 
99.0 -65.0
-1.0812737844176531e+172 
83.0 70.0
-2.1625475688353063e+172 
70.0 35.0
-4.3250951376706125e+172 
10.0 10.0
-8.650190275341226e+172 
-18.0 27.0
-1.730038055068245e+173 
43.0 -47.0
-3.4600761101364906e+173 
-13.0 97.0
-6.920152220272981e+173 
-18.0 -82.0
-1.3840304440545962e+174 
-74.0 33.0
-2.768060888109192e+174 
-98.0 15.0
-5.536121776218385e+174 
11.0 18.0
-1.107224355243677e+175 
-6.0 -51.0
-2.214448710487354e+175 
62.0 -32.0
-4.428897420974707e+175 
-82.0 -40.0
-8.857794841949414e+175 
92.0 -57.0
-1.7715589683898832e+176 
-65.0 50.0
-3.5431179367797663e+176 
59.0 86.0
-7.086235873559534e+176 
-41.0 71.0
-1.4172471747119065e+177 
-65.0 -99.0
-2.8344943494238126e+177 
25.0 16.0
-5.6689886988476225e+177 
-22.0 -65.0
-1.1337977397695247e+178 
-5.0 -26.0
-2.26759547953905e+178 
-5.0 -27.0
-4.5351909590780995e+178 
-94.0 33.0
-9.070381918156199e+178 
94.0 -45.0
-1.8140763836312395e+179 
-91.0 -24.0
-3.628152767262479e+179 
82.0 -31.0
-7.256305534524958e+179 
-88.0 -65.0
-1.4512611069049918e+180 
-56.0 -57.0
-2.9025222138099827e+180 
59.0 -78.0
-5.8050444276199655e+180 
-78.0 -76.0
-1.1610088855239931e+181 
65.0 10.0
-2.3220177710479862e+181 
94.0 -17.0
-4.644035542095972e+181 
68.0 65.0
-9.288071084191943e+181 
-57.0 -19.0
-1.8576142168383887e+182 
-60.0 -89.0
-3.715228433676778e+182 
3.0 9.0
-7.430456867353556e+182 
-90.0 35.0
-1.486091373470711e+183 
-52.0 75.0
-2.972182746941422e+183 
-52.0 17.0
-5.944365493882845e+183 
-88.0 -44.0
-1.1888730987765687e+184 
-19.0 42.0
-2.3777461975531367e+184 
-77.0 -26.0
-4.7554923951062735e+184 
-93.0 59.0
-9.510984790212547e+184 
-86.0 3.0
-1.902196958042509e+185 
88.0 93.0
-3.804393916085018e+185 
29.0 64.0
-7.608787832170036e+185 
-20.0 31.0
-1.5217575664340073e+186 
18.0 -75.0
-3.043515132868014e+186 
-91.0 71.0
-6.087030265736028e+186 
8.0 73.0
-1.2174060531472056e+187 
0.0 4.0
-2.434812106294412e+187 
19.0 90.0
-4.869624212588823e+187 
61.0 -16.0
-9.739248425177648e+187 
-46.0 -27.0
-1.9478496850355293e+188 
22.0 -81.0
-3.8956993700710586e+188 
54.0 56.0
-7.791398740142116e+188 
97.0 -90.0
-1.5582797480284232e+189 
-63.0 -65.0
-3.1165594960568464e+189 
-55.0 34.0
-6.2331189921137e+189 
-77.0 4.0
-1.246623798422739e+190 
-66.0 60.0
-2.493247596845478e+190 
77.0 15.0
-4.986495193690956e+190 
-23.0 36.0
-9.972990387381912e+190 
19.0 -15.0
-1.9945980774763823e+191 
28.0 68.0
-3.989196154952764e+191 
23.0 -2.0
-7.978392309905528e+191 
-1.0 45.0
-1.5956784619811056e+192 
-18.0 -59.0
-3.1913569239622107e+192 
38.0 -17.0
-6.382713847924421e+192 
-13.0 75.0
-1.2765427695848845e+193 
1.0 78.0
-2.553085539169769e+193 
87.0 -83.0
-5.106171078339537e+193 
3.0 -21.0
-1.0212342156679074e+194 
54.0 93.0
-2.042468431335815e+194 
-70.0 44.0
-4.0849368626716303e+194 
-78.0 99.0
-8.169873725343261e+194 
-82.0 62.0
-1.633974745068652e+195 
9.0 9.0
-3.2679494901373043e+195 
29.0 -92.0
-6.535898980274609e+195 
81.0 74.0
-1.3071797960549217e+196 
38.0 93.0
-2.6143595921098426e+196 
-88.0 -31.0
-5.228719184219684e+196 
48.0 60.0
-1.045743836843937e+197 
-30.0 -68.0
-2.091487673687874e+197 
-38.0 100.0
-4.182975347375748e+197 
-50.0 84.0
-8.365950694751496e+197 
86.0 -62.0
-1.6731901389502998e+198 
61.0 68.0
-3.3463802779006e+198 
71.0 85.0
-6.692760555801199e+198 
-52.0 13.0
-1.3385521111602398e+199 
95.0 13.0
-2.67710422232048e+199 
 
74.0 77.0
-5.354208444640959e+199 
72.0 0.0
-1.070841688928192e+200 
30.0 34.0
-2.141683377856384e+200 
-56.0 87.0
-4.283366755712768e+200 
-35.0 94.0
-8.566733511425536e+200 
-28.0 59.0
-1.7133467022851073e+201 
47.0 -73.0
-3.4266934045702145e+201 
-66.0 74.0
-6.853386809140429e+201 
85.0 -72.0
-1.3706773618280858e+202 
-10.0 50.0
-2.7413547236561716e+202 
-32.0 88.0
-5.4827094473123415e+202 
22.0 90.0
-1.0965418894624683e+203 
-6.0 -13.0
-2.1930837789249366e+203 
94.0 -48.0
-4.386167557849873e+203 
43.0 -14.0
-8.772335115699746e+203 
-31.0 23.0
-1.7544670231399493e+204 
49.0 68.0
-3.5089340462798985e+204 
17.0 -57.0
-7.017868092559797e+204 
-82.0 -60.0
-1.4035736185119594e+205 
-45.0 -90.0
-2.80714723702392e+205 
-37.0 -26.0
-5.61429447404784e+205 
-90.0 52.0
-1.1228588948095677e+206 
-28.0 -55.0
-2.245717789619136e+206 
19.0 -27.0
-4.491435579238272e+206 
-32.0 32.0
-8.982871158476543e+206 
40.0 88.0
-1.7965742316953086e+207 
-24.0 -1.0
-3.593148463390617e+207 
10.0 -95.0
-7.186296926781237e+207 
93.0 -88.0
-1.4372593853562474e+208 
-53.0 85.0
-2.8745187707124947e+208 
21.0 -35.0
-5.749037541424989e+208 
71.0 -14.0
-1.1498075082849979e+209 
-83.0 -22.0
-2.299615016569996e+209 
5.0 23.0
-4.5992300331399915e+209 
-90.0 46.0
-9.198460066279983e+209 
51.0 -15.0
-1.8396920132559966e+210 
61.0 -19.0
-3.6793840265119926e+210 
60.0 67.0
-7.358768053023985e+210 
-27.0 42.0
-1.4717536106047968e+211 
32.0 -1.0
-2.9435072212095937e+211 
-40.0 -66.0
-5.8870144424191845e+211 
-86.0 -4.0
-1.1774028884838375e+212 
62.0 100.0
-2.354805776967673e+212 
-10.0 7.0
-4.709611553935349e+212 
48.0 74.0
-9.419223107870695e+212 
-82.0 47.0
-1.883844621574139e+213 
-51.0 -19.0
-3.767689243148279e+213 
61.0 -67.0
-7.535378486296559e+213 
-29.0 70.0
-1.5070756972593117e+214 
13.0 53.0
-3.0141513945186234e+214 
55.0 -98.0
-6.02830278903725e+214 
77.0 -22.0
-1.2056605578074501e+215 
6.0 74.0
-2.4113211156148987e+215 
-12.0 -45.0
-4.8226422312297975e+215 
-7.0 98.0
-9.645284462459595e+215 
26.0 16.0
-1.929056892491919e+216 
58.0 41.0
-3.858113784983837e+216 
-32.0 -93.0
-7.716227569967675e+216 
-3.0 26.0
-1.543245513993535e+217 
-31.0 -45.0
-3.08649102798707e+217 
0.0 -29.0
-6.172982055974139e+217 
84.0 -13.0
-1.2345964111948278e+218 
21.0 -30.0
-2.469192822389656e+218 
93.0 -15.0
-4.938385644779312e+218 
-29.0 -33.0
-9.876771289558622e+218 
-45.0 71.0
-1.9753542579117244e+219 
1.0 -98.0
-3.9507085158234495e+219 
-78.0 -42.0
-7.901417031646899e+219 
50.0 -82.0
-1.5802834063293795e+220 
33.0 -45.0
-3.160566812658759e+220 
-17.0 -86.0
-6.321133625317519e+220 
97.0 -94.0
-1.2642267250635038e+221 
-10.0 30.0
-2.528453450127008e+221 
2.0 47.0
-5.056906900254015e+221 
32.0 12.0
-1.011381380050803e+222 
26.0 -1.0
-2.022762760101606e+222 
48.0 -40.0
-4.045525520203212e+222 
22.0 -71.0
-8.091051040406423e+222 
23.0 -11.0
-1.618210208081285e+223 
28.0 -64.0
-3.2364204161625703e+223 
-81.0 -78.0
-6.472840832325141e+223 
-71.0 74.0
-1.2945681664650281e+224 
45.0 77.0
-2.5891363329300563e+224 
-64.0 -40.0
-5.1782726658601125e+224 
-62.0 64.0
-1.0356545331720225e+225 
-79.0 -48.0
-2.071309066344045e+225 
30.0 69.0
-4.1426181326880907e+225 
-46.0 33.0
-8.28523626537618e+225 
96.0 -78.0
-1.6570472530752355e+226 
-25.0 -6.0
-3.314094506150471e+226 
-1.0 -19.0
-6.628189012300943e+226 
-50.0 11.0
-1.3256378024601886e+227 
-54.0 77.0
-2.6512756049203768e+227 
13.0 44.0
-5.3025512098407535e+227 
20.0 19.0
-1.0605102419681507e+228 
-1.0 32.0
-2.121020483936301e+228 
-85.0 -87.0
-4.242040967872602e+228 
26.0 -72.0
-8.484081935745204e+228 
-56.0 -78.0
-1.6968163871490409e+229 
28.0 -51.0
-3.3936327742980817e+229 
-2.0 -7.0
-6.787265548596159e+229 
-35.0 28.0
-1.3574531097192323e+230 
42.0 63.0
-2.714906219438465e+230 
70.0 -34.0
-5.42981243887693e+230 
2.0 -65.0
-1.0859624877753855e+231 
76.0 -16.0
-2.1719249755507713e+231 
-58.0 -19.0
-4.343849951101543e+231 
-93.0 93.0
-8.687699902203086e+231 
22.0 -55.0
-1.737539980440617e+232 
40.0 43.0
-3.475079960881234e+232 
33.0 -6.0
-6.950159921762469e+232 
4.0 -62.0
-1.3900319843524938e+233 
-27.0 57.0
-2.780063968704987e+233 
82.0 -57.0
-5.560127937409974e+233 
2.0 -78.0
-1.1120255874819949e+234 
48.0 -65.0
-2.2240511749639894e+234 
-99.0 62.0
-4.44810234992798e+234 
82.0 18.0
-8.89620469985596e+234 
-65.0 87.0
-1.779240939971192e+235 
46.0 -30.0
-3.558481879942384e+235 
-18.0 2.0
-7.116963759884767e+235 
9.0 35.0
-1.4233927519769537e+236 
6.0 
11.0 -11.0
-2.846785503953907e+236 
17.0 60.0
-5.693571007907814e+236 
59.0 -28.0
-1.1387142015815628e+237 
-49.0 -90.0
-2.277428403163125e+237 
100.0 38.0
-4.55485680632625e+237 
-68.0 87.0
-9.1097136126525e+237 
-10.0 -58.0
-1.8219427225305e+238 
93.0 -6.0
-3.643885445061e+238 
-19.0 -79.0
-7.287770890121998e+238 
14.0 75.0
-1.4575541780243999e+239 
83.0 56.0
-2.9151083560488e+239 
32.0 -66.0
-5.8302167120976e+239 
-92.0 -28.0
-1.1660433424195195e+240 
78.0 -96.0
-2.3320866848390394e+240 
50.0 -68.0
-4.664173369678079e+240 
-33.0 1.0
-9.328346739356159e+240 
97.0 -55.0
-1.8656693478712315e+241 
-51.0 88.0
-3.731338695742463e+241 
85.0 79.0
-7.462677391484926e+241 
 
55.0 -53.0
-1.4925354782969855e+242 
-33.0 70.0
-2.9850709565939705e+242 
43.0 -50.0
-5.9701419131879485e+242 
50.0 -7.0
-1.194028382637589e+243 
66.0 -29.0
-2.388056765275177e+243 
5.0 2.0
-4.7761135305503535e+243 
-82.0 -47.0
-9.55222706110071e+243 
50.0 64.0
-1.910445412220142e+244 
-6.0 32.0
-3.820890824440284e+244 
-96.0 -1.0
-7.641781648880567e+244 
-66.0 39.0
-1.5283563297761136e+245 
21.0 17.0
-3.056712659552227e+245 
2.0 -34.0
-6.113425319104454e+245 
-97.0 91.0
-1.2226850638208909e+246 
-12.0 -42.0
-2.4453701276417818e+246 
83.0 63.0
-4.890740255283564e+246 
65.0 -7.0
-9.781480510567129e+246 
62.0 14.0
-1.9562961021134257e+247 
-68.0 -77.0
-3.912592204226852e+247 
-38.0 -44.0
-7.825184408453704e+247 
65.0 36.0
-1.5650368816907408e+248 
-37.0 -55.0
-3.1300737633814807e+248 
71.0 71.0
-6.26014752676296e+248 
-43.0 -49.0
-1.2520295053525923e+249 
55.0 79.0
-2.504059010705184e+249 
-30.0 16.0
-5.008118021410368e+249 
-54.0 64.0
-1.0016236042820738e+250 
71.0 -52.0
-2.0032472085641492e+250 
-63.0 -26.0
-4.006494417128297e+250 
-84.0 94.0
-8.012988834256593e+250 
40.0 -46.0
-1.6025977668513186e+251 
48.0 27.0
-3.205195533702637e+251 
-50.0 -73.0
-6.410391067405274e+251 
-67.0 -94.0
-1.2820782134810549e+252 
83.0 -91.0
-2.5641564269621098e+252 
64.0 92.0
-5.12831285392422e+252 
-84.0 -87.0
-1.025662570784844e+253 
100.0 47.0
-2.051325141569688e+253 
-65.0 -17.0
-4.102650283139376e+253 
42.0 -11.0
-8.205300566278754e+253 
-2.0 -19.0
-1.6410601132557505e+254 
-50.0 -78.0
-3.282120226511501e+254 
-64.0 -40.0
-6.564240453023002e+254 
43.0 -5.0
-1.3128480906046004e+255 
-18.0 99.0
-2.625696181209201e+255 
-30.0 -69.0
-5.251392362418402e+255 
-41.0 -74.0
-1.0502784724836803e+256 
8.0 99.0
-2.1005569449673607e+256 
-1.0 93.0
-4.201113889934721e+256 
18.0 -53.0
-8.402227779869444e+256 
90.0 -16.0
-1.6804455559738888e+257 
28.0 -2.0
-3.3608911119477776e+257 
50.0 43.0
-6.721782223895555e+257 
43.0 26.0
-1.344356444779111e+258 
15.0 -33.0
-2.6887128895582217e+258 
-100.0 14.0
-5.377425779116443e+258 
-65.0 -97.0
-1.0754851558232888e+259 
-77.0 100.0
-2.1509703116465773e+259 
74.0 67.0
-4.3019406232931546e+259 
93.0 -53.0
-8.603881246586309e+259 
14.0 -28.0
-1.720776249317262e+260 
-38.0 57.0
-3.441552498634524e+260 
20.0 -71.0
-6.883104997269047e+260 
81.0 91.0
-1.3766209994538097e+261 
-97.0 -34.0
-2.75324199890762e+261 
76.0 -44.0
-5.50648399781524e+261 
57.0 90.0
-1.101296799563048e+262 
-56.0 48.0
-2.202593599126096e+262 
32.0 14.0
-4.405187198252192e+262 
-79.0 -62.0
-8.810374396504384e+262 
22.0 -4.0
-1.7620748793008767e+263 
44.0 -64.0
-3.524149758601753e+263 
-100.0 78.0
-7.048299517203507e+263 
-89.0 16.0
-1.4096599034407014e+264 
67.0 20.0
-2.8193198068814027e+264 
0.0 -34.0
-5.6386396137628045e+264 
91.0 32.0
-1.1277279227525607e+265 
-24.0 -11.0
-2.2554558455051207e+265 
-72.0 60.0
-4.510911691010243e+265 
75.0 -83.0
-9.021823382020486e+265 
54.0 -79.0
-1.8043646764040966e+266 
55.0 -40.0
-3.608729352808193e+266 
-35.0 -15.0
-7.217458705616391e+266 
-72.0 18.0
-1.4434917411232777e+267 
50.0 -18.0
-2.8869834822465564e+267 
-89.0 -20.0
-5.773966964493116e+267 
-18.0 -64.0
-1.154793392898623e+268 
49.0 22.0
-2.3095867857972447e+268 
-83.0 74.0
-4.61917357159449e+268 
31.0 -97.0
-9.238347143188979e+268 
14.0 30.0
-1.8476694286377958e+269 
50.0 99.0
-3.6953388572755916e+269 
29.0 -59.0
-7.390677714551182e+269 
60.0 -17.0
-1.4781355429102364e+270 
77.0 56.0
-2.956271085820473e+270 
-97.0 -78.0
-5.912542171640946e+270 
-85.0 -4.0
-1.1825084343281891e+271 
31.0 76.0
-2.3650168686563782e+271 
26.0 86.0
-4.7300337373127565e+271 
78.0 -24.0
-9.460067474625513e+271 
-90.0 -73.0
-1.8920134949251026e+272 
-38.0 -17.0
-3.784026989850205e+272 
-4.0 59.0
-7.56805397970041e+272 
0.0 -48.0
-1.513610795940082e+273 
28.0 -86.0
-3.027221591880164e+273 
67.0 -83.0
-6.054443183760328e+273 
72.0 -52.0
-1.2108886367520657e+274 
-50.0 4.0
-2.4217772735041317e+274 
-18.0 -22.0
-4.843554547008263e+274 
-66.0 -58.0
-9.687109094016524e+274 
79.0 7.0
-1.937421818803305e+275 
15.0 23.0
-3.8748436376066095e+275 
78.0 -40.0
-7.749687275213219e+275 
14.0 87.0
-1.5499374550426438e+276 
-79.0 10.0
-3.0998749100852876e+276 
-88.0 28.0
-6.19974982017057e+276 
-32.0 -51.0
-1.239949964034115e+277 
-15.0 62.0
-2.47989992806823e+277 
-46.0 72.0
-4.95979985613646e+277 
89.0 7.0
-9.91959971227292e+277 
-56.0 -32.0
-1.983919942454584e+278 
-19.0 13.0
-3.967839884909168e+278 
67.0 24.0
-7.935679769818336e+278 
-36.0 -82.0
-1.5871359539636672e+279 
84.0 34.0
-3.1742719079273345e+279 
94.0 70.0
-6.348543815854669e+279 
-6.0 -84.0
-1.2697087631709338e+280 
75.0 24.0
-2.539417526341868e+280 
-5.0 71.0
-5.078835052683736e+280 
-15.0 -99.0
-1.0157670105367472e+281 
-40.0 -30.0
-2.0315340210734944e+281 
73.0 24.0
-4.0630680421469894e+281 
9.0 -26.0
-8.126136084293979e+281 
-92.0 11.0
-1.6252272168587958e+282 
67.0 -67.0
-3.250454433717591e+282 
-97.0 -12.0
-6.500908867435182e+282 
-31.0 95.0
-1.3001817734870364e+283 
63.0 -83.0
-2.600363546974073e+283 
-73.0 89.0
-5.200727093948146e+283 
-90.0 10.0
-1.0401454187896291e+284 
-71.0 -59.0
-2.0802908375792583e+284 
80.0 -27.0
-4.1605816751585165e+284 
69.0 -81.0
-8.321163350317033e+284 
85.0 61.0
-1.6642326700634066e+285 
-37.0 24.0
-3.328465340126813e+285 
96.0 71.0
-6.656930680253626e+285 
41.0 42.0
-1.3313861360507253e+286 
-62.0 15.0
-2.6627722721014506e+286 
-37.0 99.0
-5.325544544202901e+286 
-2.0 32.0
-1.0651089088405802e+287 
41.0 -56.0
-2.1302178176811605e+287 
98.0 33.0
-4.2604356353623216e+287 
10.0 36.0
-8.520871270724643e+287 
54.0 -36.0
-1.7041742541449286e+288 
21.0 95.0
-3.408348508289857e+288 
-40.0 -69.0
-6.816697016579709e+288 
90.0 29.0
-1.3633394033159427e+289 
0.0 -10.0
-2.726678806631885e+289 
3.0 -26.0
-5.45335761326377e+289 
66.0 41.0
-1.090671522652754e+290 
31.0 -79.0
-2.181343045305508e+290 
-32.0 77.0
-4.362686090611016e+290 
12.0 86.0
-8.725372181222032e+290 
20.0 -18.0
-1.7450744362444064e+291 
23.0 74.0
-3.4901488724888133e+291 
-59.0 8.0
-6.980297744977629e+291 
23.0 -60.0
-1.3960595489955253e+292 
-66.0 84.0
-2.792119097991051e+292 
4.0 72.0
-5.584238195982102e+292 
93.0 98.0
-1.1168476391964206e+293 
-51.0 -100.0
-2.233695278392841e+293 
-29.0 40.0
-4.467390556785682e+293 
26.0 -50.0
-8.934781113571362e+293 
24.0 -26.0
-1.7869562227142727e+294 
-5.0 70.0
-3.573912445428545e+294 
3.0 19.0
-7.147824890857092e+294 
-41.0 33.0
-1.4295649781714184e+295 
-13.0 95.0
-2.8591299563428368e+295 
-41.0 68.0
-5.7182599126856735e+295 
-30.0 48.0
-1.1436519825371349e+296 
-62.0 39.0
-2.2873039650742694e+296 
-51.0 33.0
-4.57460793014854e+296 
75.0 -29.0
-9.14921586029708e+296 
79.0 -6.0
-1.829843172059416e+297 
-48.0 18.0
-3.659686344118832e+297 
34.0 -57.0
-7.319372688237664e+297 
-81.0 -37.0
-1.463874537647533e+298 
-91.0 -77.0
-2.927749075295066e+298 
-20.0 -74.0
-5.855498150590131e+298 
-38.0 -97.0
-1.1710996301180263e+299 
-52.0 -33.0
-2.3421992602360523e+299 
77.0 -42.0
-4.6843985204721045e+299 
62.0 -74.0
-9.368797040944209e+299 
67.0 -63.0
-1.873759408188842e+300 
-38.0 -51.0
-3.747518816377684e+300 
0.0 -35.0
-7.495037632755368e+300 
47.0 93.0
-1.4990075265510734e+301 
-91.0 -33.0
-2.9980150531021474e+301 
-17.0 -6.0
-5.996030106204294e+301 
52.0 -21.0
-1.1992060212408588e+302 
25.0 87.0
-2.398412042481717e+302 
91.0 -55.0
-4.796824084963435e+302 
-2.0 -21.0
-9.59364816992687e+302 
48.0 -93.0
-1.918729633985374e+303 
68.0 90.0
-3.837459267970748e+303 
-55.0 -77.0
-7.674918535941497e+303 
-47.0 -49.0
-1.5349837071882992e+304 
53.0 98.0
-3.0699674143765984e+304 
-45.0 -84.0
-6.1399348287532e+304 
55.0 31.0
-1.22798696575064e+305 
36.0 0.0
-2.455973931501279e+305 
-97.0 32.0
-4.911947863002559e+305 
72.0 -34.0
-9.823895726005118e+305 
-90.0 23.0
-1.964779145201024e+306 
20.0 -55.0
-3.929558290402047e+306 
100.0 -54.0
-7.859116580804093e+306 
98.0 23.0
-1.5718233161608186e+307 
-10.0 12.0
-3.1436466323216373e+307 
-39.0 35.0
-6.28729326464328e+307 
21.0 -83.0
-1.257458652928655e+308 
84.0 56.0
-inf 
95.0 0.0
-inf 
43.0 72.0
-inf 
-46.0 30.0
-inf 
-44.0 -24.0
-inf 
73.0 -21.0
-inf 
-88.0 -77.0
-inf 
-44.0 1.0
-inf 
78.0 -16.0
-inf 
-40.0 71.0
-inf 
-41.0 -61.0
-inf 
-59.0 85.0
-inf 
20.0 33.0
-inf 
66.0 63.0
-inf 
36.0 -94.0
-inf 
-41.0 18.0
-inf 
100.0 18.0
-inf 
85.0 -60.0
-inf 
91.0 87.0
-inf 
-40.0 69.0
-inf 
40.0 100.0
-inf 
11.0 5.0
-inf 
-18.0 88.0
-inf 
-53.0 38.0
-inf 
-77.0 11.0
-inf 
-93.0 83.0
-inf 
-34.0 95.0
-inf 
1.0 -31.0
-inf 
-41.0 65.0
-inf 
75.0 89.0
-inf 
4.0 86.0
-inf 
-37.0 30.0
-inf 
91.0 -67.0
-inf 
66.0 36.0
-inf 
-12.0 -66.0
-inf 
100.0 35.0
-inf 
-29.0 3.0
-inf 
79.0 55.0
-inf 
-62.0 34.0
-inf 
-77.0 -36.0
-inf 
40.0 -92.0
-inf 
-43.0 47.0
-inf 
-4.0 37.0
-inf 
78.0 62.0
-inf 
39.0 14.0
-inf 
23.0 -48.0
-inf 
-28.0 -69.0
-inf 
56.0 95.0
-inf 
39.0 53.0
-inf 
42.0 19.0
-inf 
92.0 -37.0
-inf 
37.0 26.0
-inf 
-23.0 -8.0
-inf 
-81.0 -92.0
-inf 
72.0 85.0
-inf 
-38.0 49.0
-inf 
-80.0 -54.0
-inf 
62.0 91.0
-inf 
-63.0 -73.0
-inf 
77.0 -100.0
-inf 
10.0 2.0
-inf 
-90.0 -24.0
-inf 
-84.0 34.0
-inf 
-12.0 -93.0
-inf 
-84.0 -62.0
-inf 
36.0 59.0
-inf 
13.0 85.0
-inf 
79.0 -61.0
-inf 
11.0 -40.0
-inf 
96.0 58.0
-inf 
51.0 61.0
-inf 
82.0 -91.0
-inf 
42.0 76.0
-inf 
83.0 62.0
-inf 
-91.0 66.0
-inf 
-58.0 80.0
-inf 
-62.0 48.0
-inf 
-92.0 -70.0
-inf 
-94.0 83.0
-inf 
66.0 -45.0
-inf 
-70.0 73.0
-inf 
-13.0 -57.0
-inf 
-2.0 5.0
-inf 
-32.0 -43.0
-inf 
77.0 -37.0
-inf 
81.0 -20.0
-inf 
15.0 -64.0
-inf 
20.0 -47.0
-inf 
-5.0 -90.0
-inf 
4.0 92.0
-inf 
74.0 -35.0
-inf 
95.0 -23.0
-inf 
-26.0 -6.0
-inf 
47.0 66.0
-inf 
-59.0 0.0
-inf 
37.0 13.0
-inf 
2.0 28.0
-inf 
-15.0 19.0
-inf 
72.0 95.0
-inf 
8.0 65.0
-inf 
-56.0 -9.0
-inf 
-100.0 13.0
-inf 
22.0 -80.0
-inf 
71.0 -100.0
-inf 
-20.0 86.0
-inf 
99.0 49.0
-inf 
-62.0 -35.0
-inf 
-46.0 -75.0
-inf 
-37.0 38.0
-inf 
48.0 58.0
-inf 
-38.0 34.0
-inf 
-53.0 5.0
-inf 
60.0 -38.0
-inf 
69.0 68.0
-inf 
73.0 28.0
-inf 
-41.0 86.0
-inf 
-40.0 54.0
-inf 
-88.0 -64.0
-inf 
-32.0 -54.0
-inf 
87.0 81.0
-inf 
-66.0 -93.0
-inf 
89.0 -55.0
-inf 
-78.0 17.0
-inf 
25.0 95.0
-inf 
25.0 -41.0
-inf 
96.0 2.0
-inf 
26.0 93.0
-inf 
-56.0 -60.0
-inf 
-69.0 44.0
-inf 
-92.0 44.0
-inf 
-31.0 4.0
-inf 
22.0 32.0
-inf 
-77.0 78.0
-inf 
-83.0 -99.0
-inf 
-49.0 11.0
-inf 
-81.0 -64.0
-inf 
-10.0 -78.0
-inf 
63.0 63.0
-inf 
38.0 52.0
-inf 
-74.0 -48.0
-inf 
9.0 67.0
-inf 
11.0 83.0
-inf 
-74.0 -57.0
-inf 
-71.0 79.0
-inf 
40.0 37.0
-inf 
-26.0 -100.0
-inf 
91.0 80.0
-inf 
-90.0 48.0
-inf 
88.0 90.0
-inf 
55.0 38.0
-inf 
30.0 -95.0
-inf 
-9.0 34.0
-inf 
30.0 -81.0
-inf 
15.0 67.0
-inf 
-89.0 -55.0
-inf 
-41.0 48.0
-inf 
-36.0 53.0
-inf 
-18.0 73.0
-inf 
46.0 3.0
-inf 
21.0 -34.0
-inf 
-59.0 79.0
-inf 
100.0 56.0
-inf 
86.0 -72.0
-inf 
48.0 -41.0
-inf 
81.0 -3.0
-inf 
9.0 -60.0
-inf 
-10.0 -41.0
-inf 
-79.0 83.0
-inf 
7.0 48.0
-inf 
 
15.0 50.0
-inf 
-37.0 50.0
-inf 
61.0 -12.0
-inf 
80.0 -32.0
-inf 
59.0 -97.0
-inf 
-10.0 68.0
-inf 
69.0 -35.0
-inf 
10.0 -34.0
-inf 
60.0 -47.0
-inf 
-78.0 -56.0
-inf 
-67.0 -5.0
-inf 
-97.0 93.0
-inf 
-11.0 73.0
-inf 
63.0 91.0
-inf 
-6.0 6.0
-inf 
96.0 -28.0
-inf 
85.0 21.0
-inf 
-45.0 -24.0
-inf 
74.0 83.0
-inf 
36.0 94.0
-inf 
-9.0 48.0
-inf 
-48.0 -1.0
-inf 
-63.0 -7.0
-inf 
54.0 82.0
-inf 
-7.0 33.0
-inf 
52.0 -100.0
-inf 
96.0 -11.0
-inf 
-34.0 -58.0
-inf 
-69.0 42.0
-inf 
-42.0 -38.0
-inf 
2.0 92.0
-inf 
-69.0 78.0
-inf 
71.0 -46.0
-inf 
-26.0 6.0
-inf 
45.0 8.0
-inf 
47.0 -35.0
-inf 
61.0 -45.0
-inf 
61.0 69.0
-inf 
-8.0 40.0
-inf 
16.0 76.0
-inf 
63.0 -12.0
-inf 
35.0 64.0
-inf 
-75.0 -62.0
-inf 
-28.0 -89.0
-inf 
75.0 16.0
-inf 
9.0 -60.0
-inf 
84.0 -81.0
-inf 
-1.0 -100.0
-inf 
-63.0 80.0
-inf 
49.0 -90.0
-inf 
-39.0 92.0
-inf 
76.0 93.0
-inf 
46.0 -2.0
-inf 
35.0 -40.0
-inf 
-68.0 -24.0
-inf 
-26.0 -84.0
-inf 
-75.0 -2.0
-inf 
62.0 94.0
-inf 
-55.0 58.0
-inf 
23.0 31.0
-inf 
95.0 -92.0
-inf 
89.0 97.0
-inf 
-51.0 -67.0
-inf 
-55.0 71.0
-inf 
-11.0 70.0
-inf 
65.0 16.0
-inf 
-75.0 -70.0
-inf 
-79.0 -88.0
-inf 
-80.0 -57.0
-inf 
25.0 -97.0
-inf 
-24.0 -5.0
-inf 
80.0 -45.0
-inf 
11.0 23.0
-inf 
21.0 94.0
-inf 
-4.0 -26.0
-inf 
17.0 11.0
-inf 
-4.0 -88.0
-inf 
12.0 -50.0
-inf 
-92.0 94.0
-inf 
72.0 -19.0
-inf 
-81.0 -44.0
-inf 
-9.0 44.0
-inf 
-44.0 91.0
-inf 
26.0 -51.0
-inf 
4.0 17.0
-inf 
-62.0 -26.0
-inf 
-40.0 -75.0
-inf 
86.0 -61.0
-inf 
-63.0 -35.0
-inf 
-69.0 27.0
-inf 
96.0 82.0
-inf 
71.0 37.0
-inf 
-15.0 -59.0
-inf 
-78.0 69.0
-inf 
-92.0 -76.0
-inf 
2.0 4.0
-inf 
-24.0 66.0
-inf 
-87.0 66.0
-inf 
-32.0 -81.0
-inf 
-28.0 -64.0
-inf 
-43.0 -37.0
-inf 
-41.0 62.0
-inf 
76.0 36.0
-inf 
34.0 -13.0
-inf 
59.0 62.0
-inf 
57.0 96.0
-inf 
-84.0 -13.0
-inf 
29.0 44.0
-inf 
-39.0 68.0
-inf 
93.0 -23.0
-inf 
-2.0 24.0
-inf 
-17.0 31.0
-inf 
-42.0 62.0
-inf 
-68.0 39.0
-inf 
-97.0 -61.0
-inf 
-34.0 63.0
-inf 
-60.0 -5.0
-inf 
74.0 53.0
-inf 
49.0 -54.0
-inf 
-53.0 26.0
-inf 
1.0 49.0
-inf 
-10.0 -70.0
-inf 
80.0 -86.0
-inf 
94.0 74.0
-inf 
17.0 -57.0
-inf 
38.0 8.0
-inf 
5.0 91.0
-inf 
36.0 -26.0
-inf 
-14.0 -93.0
-inf 
30.0 15.0
-inf 
-36.0 81.0
-inf 
-38.0 23.0
-inf 
14.0 51.0
-inf 
100.0 -87.0
-inf 
76.0 -35.0
-inf 
-93.0 53.0
-inf 
67.0 -66.0
-inf 
-95.0 82.0
-inf 
43.0 -72.0
-inf 
-7.0 25.0
-inf 
-65.0 -81.0
-inf 
6.0 22.0
-inf 
46.0 78.0
-inf 
32.0 80.0
-inf 
84.0 36.0
-inf 
-70.0 95.0
-inf 
26.0 6.0
-inf 
-62.0 -82.0
-inf 
18.0 -88.0
-inf 
-43.0 -46.0
-inf 
98.0 -46.0
-inf 
-39.0 25.0
-inf 
89.0 97.0
-inf 
75.0 41.0
-inf 
 
95.0 78.0
-inf 
-77.0 -99.0
-inf 
56.0 -40.0
-inf 
-21.0 30.0
-inf 
-86.0 -78.0
-inf 
-72.0 71.0
-inf 
77.0 -36.0
-inf 
35.0 27.0
-inf 
-51.0 -38.0
-inf 
87.0 -95.0
-inf 
-48.0 39.0
-inf 
11.0 -67.0
-inf 
81.0 9.0
-inf 
-19.0 -71.0
-inf 
-44.0 -15.0
-inf 
4.0 -93.0
-inf 
-26.0 -60.0
-inf 
-4.0 -58.0
-inf 
